[gd_scene load_steps=7 format=1]

[ext_resource path="res://Pistas/circuito_platano/imagenes/circuitocarreras.png" type="Texture" id=1]
[ext_resource path="res://Coches/fantasma/fantasma.tscn" type="PackedScene" id=2]
[ext_resource path="res://Pistas/HUD/HUD.pista.tscn" type="PackedScene" id=3]

[sub_resource type="FixedMaterial" id=1]

flags/visible = true
flags/double_sided = false
flags/invert_faces = false
flags/unshaded = false
flags/on_top = false
flags/lightmap_on_uv2 = true
flags/colarray_is_srgb = true
params/blend_mode = 0
params/depth_draw = 1
params/line_width = 1.0
fixed_flags/use_alpha = false
fixed_flags/use_color_array = false
fixed_flags/use_point_size = false
fixed_flags/discard_alpha = false
fixed_flags/use_xy_normalmap = false
params/diffuse = Color( 1, 1, 1, 1 )
params/specular = Color( 0, 0, 0, 1 )
params/emission = Color( 0, 0, 0, 1 )
params/specular_exp = 40
params/detail_mix = 1.0
params/normal_depth = 1
params/shader = 0
params/shader_param = 0.5
params/glow = 0
params/point_size = 1.0
uv_xform = Transform( 1, 0, 0, 0, 1, 0, 0, 0, 1, 0, 0, 0 )
textures/diffuse = ExtResource( 1 )
textures/diffuse_tc = 0
textures/detail_tc = 0
textures/specular_tc = 0
textures/emission_tc = 0
textures/specular_exp_tc = 0
textures/glow_tc = 0
textures/normal_tc = 0
textures/shade_param_tc = 0

[sub_resource type="PlaneShape" id=2]

plane = Plane( 0, 1, 0, 0 )

[sub_resource type="Environment" id=3]

ambient_light/enabled = true
ambient_light/color = Color( 1, 1, 1, 1 )
ambient_light/energy = 1.0
fxaa/enabled = false
background/mode = 1
background/color = Color( 0, 0, 0, 1 )
background/energy = 1.0
background/scale = 1.0
background/glow = 0.0
background/canvas_max_layer = null
glow/enabled = false
glow/blur_passes = 1
glow/blur_scale = 1
glow/blur_strength = 1
glow/blur_blend_mode = null
glow/bloom = 0.0
glow/bloom_treshold = 0.5
dof_blur/enabled = false
dof_blur/blur_passes = 1
dof_blur/begin = 100.0
dof_blur/range = 10.0
hdr/enabled = false
hdr/tonemapper = 0
hdr/exposure = 0.4
hdr/white = 1.0
hdr/glow_treshold = 0.95
hdr/glow_scale = 0.2
hdr/min_luminance = 0.4
hdr/max_luminance = 8.0
hdr/exposure_adj_speed = 0.5
fog/enabled = false
fog/begin = 100.0
fog/begin_color = Color( 0, 0, 0, 1 )
fog/end_color = Color( 0, 0, 0, 1 )
fog/attenuation = 1.0
fog/bg = true
bcs/enabled = false
bcs/brightness = 1.0
bcs/contrast = 1.0
bcs/saturation = 1.0
srgb/enabled = false

[node name="terreno" type="Spatial"]

_import_transform = Transform( 1, 0, 0, 0, 1, 0, 0, 0, 1, 0, 0, 0 )

[node name="TestCube" type="TestCube" parent="."]

_import_transform = Transform( 1, 0, 0, 0, 1, 0, 0, 0, 1, 0, 0, 0 )
transform/local = Transform( 100, 0, 0, 0, 1, 0, 0, 0, 100, 53.1473, -0.970646, 55.0454 )
layers = 1
geometry/visible = true
geometry/material_override = SubResource( 1 )
geometry/cast_shadow = 1
geometry/receive_shadows = true
geometry/range_begin = 0.0
geometry/range_end = 0.0
geometry/extra_cull_margin = 0.0
geometry/billboard = false
geometry/billboard_y = false
geometry/depth_scale = false
geometry/visible_in_all_rooms = false
geometry/use_baked_light = false
geometry/baked_light_tex_id = 0

[node name="StaticBody" type="StaticBody" parent="."]

editor/display_folded = true
_import_transform = Transform( 1, 0, 0, 0, 1, 0, 0, 0, 1, 0, 0, 0 )
input/ray_pickable = true
input/capture_on_drag = false
shape_count = 1
shapes/0/shape = SubResource( 2 )
shapes/0/transform = Transform( 9.93766, 0, 0, 0, 9.93766, 0, 0, 0, 9.93766, 0, 0, 0 )
shapes/0/trigger = false
collision/layers = 1
collision/mask = 1
friction = 1.0
bounce = 0.0
constant_linear_velocity = Vector3( 0, 0, 0 )
constant_angular_velocity = Vector3( 0, 0, 0 )

[node name="CollisionShape" type="CollisionShape" parent="StaticBody"]

_import_transform = Transform( 1, 0, 0, 0, 1, 0, 0, 0, 1, 0, 0, 0 )
transform/local = Transform( 9.93766, 0, 0, 0, 9.93766, 0, 0, 0, 9.93766, 0, 0, 0 )
shape = SubResource( 2 )
trigger = false
_update_shape_index = 0

[node name="PosicionSalida" type="Position3D" parent="."]

_import_transform = Transform( 1, 0, 0, 0, 1, 0, 0, 0, 1, 0, 0, 0 )

[node name="fantasma" parent="PosicionSalida" instance=ExtResource( 2 )]

[node name="meta" parent="PosicionSalida/fantasma"]

transform/local = Transform( 1.67586, 0, 0, 0, 1.67586, 0, 0, 0, 1.67586, 0, 2.30386, -2.09245 )

[node name="parcial1" parent="PosicionSalida/fantasma"]

transform/local = Transform( -0.991855, 0, 0.127376, 0, 1, 0, -0.127376, 0, -0.991855, -0.908983, 1.56578, 76.6149 )

[node name="parcial2" parent="PosicionSalida/fantasma"]

transform/local = Transform( 0.926804, 0, 0.375547, 0, 1, 0, -0.375547, 0, 0.926804, -25.6322, 1.56578, 113.69 )

[node name="parcial3" parent="PosicionSalida/fantasma"]

transform/local = Transform( 0.183753, 0, -0.982972, 0, 1, 0, 0.982972, 0, 0.183753, 107.27, 1.56578, 130.141 )

[node name="parcial4" parent="PosicionSalida/fantasma"]

transform/local = Transform( 0.78969, 0, 0.613506, 0, 1, 0, -0.613506, 0, 0.78969, 117.051, 1.56578, 109.979 )

[node name="parcial5" parent="PosicionSalida/fantasma"]

transform/local = Transform( 0.900404, 0, 0.435055, 0, 1, 0, -0.435055, 0, 0.900404, 56.0714, 1.56578, 82.2108 )

[node name="parcial6" parent="PosicionSalida/fantasma"]

transform/local = Transform( 0.261431, 0, 0.965222, 0, 1, 0, -0.965222, 0, 0.261431, 69.7715, 1.56578, 62.1362 )

[node name="parcial7" parent="PosicionSalida/fantasma"]

transform/local = Transform( -0.54715, 0, 0.837035, 0, 1, 0, -0.837035, 0, -0.54715, 113.702, 1.56578, 72.0328 )

[node name="parcial8" parent="PosicionSalida/fantasma"]

transform/local = Transform( 0.501551, 0, 0.865128, 0, 1, 0, -0.865128, 0, 0.501551, 118.87, 1.56578, 28.9415 )

[node name="parcial9" parent="PosicionSalida/fantasma"]

transform/local = Transform( 0.480872, 0, 0.876791, 0, 1, 0, -0.876791, 0, 0.480872, 64.1725, 1.56578, 25.3599 )

[node name="parcial10" parent="PosicionSalida/fantasma"]

transform/local = Transform( 0.425902, 0, -0.904769, 0, 1, 0, 0.904769, 0, 0.425902, 7.75238, 1.56578, -24.5999 )

[node name="WorldEnvironment" type="WorldEnvironment" parent="."]

_import_transform = Transform( 1, 0, 0, 0, 1, 0, 0, 0, 1, 0, 0, 0 )
environment = SubResource( 3 )

[node name="HUDpista" parent="." instance=ExtResource( 3 )]

editor/display_folded = true

[node name="CameraMiniMapa" parent="HUDpista/MiniMapa/Viewport"]

transform/local = Transform( 1, 0, 0, 0, -1.62921e-07, 1, 0, -1, -1.62921e-07, 48.8765, 178.928, 56.469 )
far = 1000.0

[connection signal="body_enter" from="PosicionSalida/fantasma/meta" to="PosicionSalida/fantasma" method="_on_meta_body_enter"]

[connection signal="body_enter" from="PosicionSalida/fantasma/parcial1" to="PosicionSalida/fantasma" method="_on_meta1_body_enter"]

[connection signal="body_enter" from="PosicionSalida/fantasma/parcial1" to="PosicionSalida/fantasma" method="_on_parcial1_body_enter"]

[connection signal="body_enter" from="PosicionSalida/fantasma/parcial2" to="PosicionSalida/fantasma" method="_on_parcial2_body_enter"]

[connection signal="body_enter" from="PosicionSalida/fantasma/parcial3" to="PosicionSalida/fantasma" method="_on_parcial3_body_enter"]

[connection signal="body_enter" from="PosicionSalida/fantasma/parcial3" to="PosicionSalida/fantasma" method="_on_meta2_body_enter"]

[connection signal="body_enter" from="PosicionSalida/fantasma/parcial4" to="PosicionSalida/fantasma" method="_on_parcial4_body_enter"]

[connection signal="body_enter" from="PosicionSalida/fantasma/parcial5" to="PosicionSalida/fantasma" method="_on_parcial5_body_enter"]

[connection signal="body_enter" from="PosicionSalida/fantasma/parcial6" to="PosicionSalida/fantasma" method="_on_parcial6_body_enter"]

[connection signal="body_enter" from="PosicionSalida/fantasma/parcial7" to="PosicionSalida/fantasma" method="_on_parcial7_body_enter"]

[connection signal="body_enter" from="PosicionSalida/fantasma/parcial8" to="PosicionSalida/fantasma" method="_on_parcial8_body_enter"]

[connection signal="body_enter" from="PosicionSalida/fantasma/parcial9" to="PosicionSalida/fantasma" method="_on_parcial9_body_enter"]

[connection signal="body_enter" from="PosicionSalida/fantasma/parcial10" to="PosicionSalida/fantasma" method="_on_parcial10_body_enter"]

[connection signal="pressed" from="HUDpista/Back" to="HUDpista" method="_on_Back_pressed"]


[editable path="PosicionSalida/fantasma"]
[editable path="HUDpista"]
